10
10
5
5
5
10
5
5
10
5
12
5
5
5
5
5
5
15
5
10
5
5
5
5
5
5
5
5
5
10
10
5
5
5
5
10
5
5
5
5
5
10
5
5
5
5
5
10
5
15
5
5
5
5
5
23
5
5
5
5
43
25
5
5
5
10
10
15
10
5
5
5
5
10
10
5
10
5
5
5
5
5
20
5
16
5
15
5
5
5
5
5
5
5
5
5
5
5
5
5
5
10
10
11
5
5
5
10
21
5
5
25
5
5
10
10
5
20
5
30
10
5
10
5
10
5
5
5
15
10
5
10
5
16
5
20
5
15
15
5
25
10
5
5
5
10
40
18
22
10
10
5
5
5
35
5
5
5
5
5
5
10
5
10
5
5
5
15
20
10
5
5
5
5
5
5
20
5
25
15
10
5
6
6
5
10
21
11
40
5
25
5
25
15
5
20
30
5
15
5
15
10
11
5
5
10
5
24
5
15
5
5
5
25
10
5
15
5
10
5
5
5
10
20
10
11
5
10
10
5
5
5
15
5
5
10
36
5
5
5
5
10
15
11
10
10
20
10
10
10
35
10
15
5
46
11
25
5
5
11
5
5
5
36
10
6
10
20
10
15
15
15
15
5
5
5
5
26
16
5
5
15
10
10
5
20
5
15
5
5
15
30
10
20
35
5
5
15
5
15
6
5
10
10
10
5
10
35
20
5
20
5
5
23
25
10
55
26
5
5
10
11
5
5
5
15
5
20
5
15
5
5
5
10
15
5
16
26
23
6
15
5
5
5
5
10
25
10
30
20
15
5
26
11
5
5
20
5
15
10
10
20
5
15
21
5
15
5
10
10
5
5
5
5
5
5
40
15
5
5
5
5
56
5
17
5
10
5
5
5
11
20
11
5
5
5
5
10
15
20
30
5
5
5
10
5
5
5
5
17
5
5
27
5
5
10
16
20
5
10
6
5
5
35
5
5
6
5
5
5
16
5
30
11
15
5
5
10
5
5
15
20
10
10
5
5
5
5
5
22
5
5
15
20
5
5
15
12
5
5
5
21
25
5
5
5
5
5
5
5
5
5
5
5
10
5
10
5
10
11
20
5
11
15
5
5
5
5
5
5
10
5
5
5
5
5
5
5
5
5
5
5
5
5
5
5
5
5
10
5
5
5
5
5
5
5
5
5
5
5
6
5
5
5
5
5
5
5
5
5
11
10
5
5
5
5
5
5
5
5
10
11
5
5
5
5
5
5
5
5
5
5
5
6
5
5
5
5
11
5
5
5
5
5
5
10
11
5
5
5
5
5
5
5
10
11
5
10
5
5
5
5
5
5
5
5
5
5
5
7
5
10
6
5
6
5
5
5
5
5
5
5
5
5
5
5
5
5
5
5
5
11
5
5
5
5
5
5
5
5
5
5
5
5
5
5
5
5
5
5
5
5
5
5
5
5
5
5
5
5
11
5
5
5
5
5
5
5
5
5
5
5
5
5
5
5
5
5
5
5
10
5
5
5
5
5
5
5
5
5
5
5
5
5
5
5
5
6
5
5
5
5
5
5
5
5
5
5
5
5
5
5
5
5
5
5
5
5
5
5
5
5
6
5
5
5
5
5
5
5
5
5
5
5
5
11
5
5
5
5
5
5
5
5
5
5
5
5
5
5
5
5
5
5
5
5
5
5
5
5
5
5
5
5
5
5
5
5
5
5
5
5
5
5
5
5
5
5
5
5
6
5
5
5
5
5
5
5
11
5
11
5
5
5
5
5
5
5
5
5
5
5
6
5
10
5
5
5
5
5
5
5
5
5
5
5
5
5
5
5
5
5
5
5
5
5
5
5
5
15
5
5
5
5
5
5
5
5
5
5
5
5
10
5
5
5
5
5
16
10
5
12
5
5
5
5
10
5
5
5
12
5
5
5
10
5
5
5
5
5
10
5
11
5
5
5
5
5
5
5
6
5
25
5
5
5
5
5
5
5
5
5

