5
5
107
5
5
222
5
258
226
1161
5
5
201
5
5
119
61
107
5
11
229
133
280
558
320
109
470
20
5
900
532
5
5
5
5
376
66
5
5
205
5
5
11
411
5
5
30
35
5
5
5
5
5
130
5
5
102
5
5
5
5
606
5
5
5
5
715
20
5
5
11
5
5
590
5
5
241
1056
5
384
1562
5
77
1456
117
445
16
16
43
800
5
306
5
63
250
842
986
482
5
5
629
5
5
5
5
908
148
21
46
15
5
5
5
5
5
140
245
112
101
5
25
5
5
5
5
5
212
5
5
5
11
5
5
214
5
178
15
184
5
5
6
20
15
41
5
86
5
10
5
5
42
21
67
40
5
76
77
5
144
5
5
5
5
5
10
5
20
5
20
57
28
92
10
31
10
61
185
41
15
56
20
5
5
5
5
6
56
15
5
5
5
5
5
5
15
5
67
5
221
96
5
46
5
5
5
63
5
5
5
5
5
5
96
5
25
25
25
15
30
5
5
5
5
16
6
11
20
5
56
15
12
5
5
5
5
46
20
11
5
15
81
6
102
56
35
5
21
131
5
204
31
152
7
63
36
20
5
20
35
81
11
33
5
15
25
5
5
83
5
5
11
5
5
5
11
5
5
5
5
5
16
5
25
5
15
5
10
5
5
10
5
16
5
5
50
5
35
5
5
36
5
20
5
5
5
35
11
5
5
10
11
30
5
5
11
5
35
15
5
5
35
5
45
132
10
5
10
5
25
10
30
5
5
71
5
6
127
15
66
5
5
25
5
15
5
35
26
15
26
11
25
5
5
5
10
5
5
25
5
5
97
26
15
5
101
66
5
5
15
5
5
20
26
55
11
5
51
5
5
5
101
55
11
5
5
5
5
10
5
10
86
5
5
50
35
5
5
150
88
96
76
77
20
86
5
5
206
66
20
5
5
5
223
5
5
5
25
5
25
11
55
81
67
106
40
45
81
15
66
25
10
27
5
20
45
317
40
5
5
5
5
15
5
10
5
10
5
30
35
5
10
5
5
5
71
5
27
5
5
81
25
35
45
15
5
5
121
56
5
5
5
5
5
40
10
30
5
5
5
5
5
5
5
5
20
5
435
11
16
5
25
73
5
5
71
37
5
209
219
31
16
30
5
5
86
159
5
5
108
180
5
5
30
61
174
5
16
5
147
26
10
5
161
5
5
15
201
5
5
5
72
5
5
5
35
5
5
20
5
15
5
51
240
93
52
5
5
5
10
5
5
77
5
10
5
185
5
5
25
66
350
5
5
5
5
45
5
5
5
5
256
10
5
5
57
5
108
5
46
30
72
31
5
5
5
71
5

