5
5
5
5
5
5
5
11
5
5
83
5
5
5
5
5
5
5
5
5
5
56
5
5
5
5
5
5
5
11
5
5
5
5
5
5
5
5
5
5
5
5
5
194
5
5
5
5
5
5
5
5
5
5
5
5
5
5
5
5
5
5
5
5
5
5
5
5
5
5
5
5
56
5
5
5
5
5
5
5
5
5
5
5
5
5
5
5
10
5
5
5
5
5
5
5
5
5
5
5
292
5
5
5
5
5
5
5
5
5
5
5
5
5
5
11
5
268
5
5
5
5
5
5
5
5
5
5
5
5
5
5
5
5
5
5
5
5
5
5
5
5
5
5
5
11
5
5
5
11
5
5
5
5
5
11
5
5
5
71
5
5
5
11
5
5
5
5
5
5
5
5
11
5
5
5
5
5
5
5
5
5
5
5
5
5
5
5
5
5
5
22
5
162
5
67
16
20
30
5
5
5
5
5
5
5
5
5
5
5
5
5
5
5
5
5
5
12
5
5
5
5
5
5
5
5
5
5
5
5
5
5
6
20
6
5
5
5
96
5
5
5
5
5
5
5
5
5
5
5
5
5
5
11
5
137
5
11
5
5
5
5
11
5
5
5
6
5
5
26
35
5
5
5
55
5
5
5
5
5
5
6
5
5
112
5
5
5
5
5
11
5
5
5
5
5
5
5
5
5
5
5
5
5
5
5
5
5
291
97
5
5
5
5
5
5
11
5
5
5
5
5
5
5
5
5
5
5
5
5
5
5
5
5
5
5
31
10
5

