20
5
5
5
5
5
5
5
5
5
5
5
15
6
5
23
5
5
5
20
5
5
6
5
15
5
20
5
5
5
10
5
5
5
5
5
5
5
5
5
5
5
5
6
10
5
5
5
35
5
5
5
10
5
5
26
15
5
5
5
5
15
5
5
16
5
5
5
5
15
5
5
5
81
5
11
5
5
5
30
51
11
5
25
5
5
30
5
11
30
5
5
5
5
5
5
5
5
15
5
5
5
21
5
15
5
5
5
5
5
15
77
66
5
25
5
5
5
74
5
5
5
5
20
15
5
10
5
5
10
5
10
10
25
5
20
25
15
10
5
15
5
5
20
5
5
5
30
5
5
5
15
5
15
31
5
35
5
5
40
30
5
5
40
5
5
5
10
25
5
5
5
50
5
5
5
5
5
5
5
25
5
5
5
5
5
5
5
5
5
51
5
15
5
10
5
20
12
57
5
5
5
20
11
5
5
5
5
50
5
5
5
5
25
46
51
20
5
5
5
56
11
5
5
20
5
40
5
5
5
5
10
10
5
11
5
11
5
5
5
5
5
10
5
11
5
5
10
5
5
5
5
10
5
5
5
5
5
5
5
6
5
5
5
5
10
5
5
11
5
5
5
10
5
5
5
5
5
5
5
5
12
5
10
5
5
5
5
5
5
5
5
10
10
5
5
5
5
5
5
5
5
5
5
5
5
5
5
5
5
5
5
5
10
5
5
5
6
5
5
5
5
10
5
5
10
5
5
5
5
5
5
5
20
5
5
5
16
15
5
5
5
5
5
6
5
5
5
5
5
10
10
16
5
5
5
5
5
10
12
15
5
15
5
5
5
5
5
5
15
11
5
5
5
5
5
5
5
15
5
5
10
5
5
11
57
10
5
5
5
5
5
10
5
5
5
5
5
11
5
5
5
5
10
20
5
10
5
5
5
15
5
5
5
16
5
5
10
5

