5
5
5
10
10
5
15
11
15
5
15
5
5
50
5
5
10
10
5
5
15
15
10
5
20
5
10
30
5
5
5
10
10
15
15
15
20
5
15
5
16
5
10
5
15
25
10
5
5
10
10
10
5
5
5
5
5
5
5
5
5
5
20
25
16
5
5
5
10
5
10
10
15
6
15
15
5
5
5
10
5
5
10
10
15
10
6
5
11
10
10
10
5
10
10
21
5
5
10
25
20
5
5
5
5
5
5
10
5
10
5
15
15
5
20
5
5
10
25
25
15
5
10
5
5
10
10
20
5
5
5
10
5
16
25
15
15
5
5
10
5
5
5
5
5
15
5
15
15
5
20
5
17
10
25
5
6
5
5
15
5
10
5
15
6
10
6
5
5
16
6
10
20
6
10
21
5
5
10
5
5
5
15
5
5
11
5
10
10
6
5
5
10
15
5
5
5
5
5
10
10
10
5
5
5
10
20
5
5
5
5
15
10
15
15
5
5
7
11
5
6
5
15
5
10
6
5
5
10
5
5
5
5
10
10
5
5
5
5
5
5
5
5
5
6
5
10
10
5
5
5
10
5
5
10
5
5
6
5
5
5
5
5
15
5
15
5
6
5
5
5
15
16
5
11
5
5
10
6
10
5
5
5
5
10
5
5
5
10
15
15
5
5
10
10
5
5
5
5
5
5
10
5
5
10
5
5
5
5
5
11
5
5
5
5
5
5
10
5
5
5
10
10
10
5
5
10
10
5
5
20
5
10
10
11
5
10
10
5
5
15
5
11
15
20
5
5
5
5
6
10
5

