119.643
12.558
117.071
13.814
13.292
17.679
33.890
18.287
18.022
12.379
14.995
20.247
13.576
18.747
19.500
24.515
12.006
20.873
12.696
13.835
11.538
13.447
12.500
11.760
15.755
14.755
12.900
11.579
13.553
16.270
20.032
15.390
12.633
18.197
115.785
13.243
13.789
13.652
13.857
15.319
13.639
16.181
14.929
14.022
16.695
15.326
13.969
16.649
121.365
14.931
13.533
16.944
14.924
15.920
14.976
13.615
13.325
16.914
11.878
16.044
13.312
16.612
16.380
118.504
12.162
17.153
16.048
12.309
15.595
15.099
12.951
19.582
13.572
14.422
13.628
12.689
13.623
25.010
11.845
21.248
11.879
12.745
13.743
13.299
11.739
11.813
13.246
12.427
12.568
11.660
27.392
15.525
13.578
11.662
14.513
12.644
11.275
13.969
12.485
16.185
15.104
13.656
12.974
14.104
13.487
13.021
11.480
18.822
12.136
17.575
12.437
16.627
13.718
16.023
19.811
14.004
13.067
13.010
16.744
13.433
13.588
18.325
15.979
17.210
16.077
12.914
17.354
16.390
13.711
13.357
12.710
12.108
11.640
16.315
14.500
21.740
11.672
14.107
13.972
17.874
12.485
11.477
11.491
7.803
13.117
12.528
13.239
11.531
15.215
13.462
13.846
16.367
118.732
16.486
14.735
15.883
13.352
13.033
13.068
17.971
17.289
12.937
11.537
16.341
11.168
12.649
11.516
16.024
11.940
16.801
14.884
18.396
17.364
27.875
12.622
13.168
12.443
11.749
15.770
18.543
12.860
11.511
12.891
12.008
11.910
15.159
11.338
11.651
13.784
11.098
13.002
11.760
15.993
12.172
12.006
12.765
11.781
13.299
11.475
11.157
12.782
15.725
22.673
12.182
11.886
11.362
12.228
15.825
12.446
15.022
19.984
125.061
14.259
14.495
21.232
15.657
13.269
15.678
20.556
13.038
11.982
20.560
15.050
12.704
11.590
13.143
11.415
12.850
11.696
12.722
12.360
15.925
12.914
12.646
9.348
15.595
11.687
13.737
11.727
15.632
13.574
12.063
19.154
