17.676
11.575
11.210
15.261
11.516
11.835
16.437
13.520
10.973
29.149
11.061
14.424
11.338
14.517
123.851
11.937
11.390
19.987
25.842
11.147
13.750
10.653
20.218
11.603
16.607
16.375
11.286
12.607
14.879
13.195
15.352
14.213
12.269
11.741
12.249
11.646
13.996
12.296
17.066
13.034
11.731
19.497
19.652
26.715
119.832
118.693
15.137
14.595
10.701
12.014
11.177
11.474
13.314
13.468
17.808
6.747
13.511
11.145
13.828
15.338
11.339
11.458
10.977
10.953
11.100
12.451
14.333
11.743
11.293
15.580
14.582
17.192
11.174
15.992
14.143
12.552
11.917
13.845
11.180
15.360
10.640
13.418
15.870
12.253
16.879
11.600
15.197
12.811
13.900
11.762
12.611
11.100
11.956
16.302
19.535
17.666
16.358
15.276
12.595
11.176
10.752
14.077
11.876
11.365
11.413
11.221
11.786
15.961
11.407
18.537
12.666
16.550
12.687
11.466
14.792
10.950
12.899
12.304
13.347
13.646
11.608
15.057
14.039
15.164
11.842
13.397
10.946
13.069
11.292
13.931
12.171
14.303
12.002
11.162
19.948
13.793
12.104
15.905
22.347
25.050
12.713
13.715
13.469
11.433
12.542
117.751
109.117
11.335
16.071
12.148
20.561
14.251
11.228
12.890
12.313
12.453
14.461
15.554
12.301
12.708
10.946
17.019
22.731
12.088
14.178
11.221
13.411
12.288
11.035
11.442
16.072
11.648
11.249
14.965
25.294
20.393
13.117
20.820
16.710
19.390
11.328
15.516
12.321
11.083
14.468
13.698
11.475
15.619
11.444
12.585
12.070
15.334
11.033
11.786
17.180
13.054
12.889
14.248
404.247
18.078
15.910
12.363
11.136
12.808
11.374
11.922
20.565
328.906
14.899
12.919
12.576
18.307
12.566
12.116
11.703
16.082
15.862
11.360
12.477
11.316
7.551
14.615
19.129
19.557
17.108
12.981
29.025
53.693
14.047
17.684
16.943
11.628
14.141
11.464
12.019
16.960
16.340
12.457
12.064
13.083
12.230
15.342
12.648
27.644
13.058
11.394
11.508
15.403
16.687
13.100
17.105
11.742
13.748
11.925
18.287
14.728
14.077
11.279
11.568
15.882
14.548
12.341
17.031
12.832
14.316
10.850
17.389
12.801
11.898
11.197
13.297
20.335
17.151
11.715
