12.932
10.650
14.471
13.185
12.526
12.139
14.634
26.235
12.116
31.521
11.684
11.660
11.223
16.398
12.708
12.070
12.058
119.485
15.787
15.937
11.360
10.999
11.057
11.590
12.435
14.718
11.104
11.511
17.831
11.807
120.647
12.510
10.410
43.756
12.317
12.302
13.145
11.051
4974.751
10.997
12.871
10.652
20.692
13.710
11.459
11.668
113.447
11.985
12.044
15.670
17.158
11.925
10.530
13.547
14.489
12.910
11.001
14.214
12.012
4524.257
12.182
12.902
10.688
13.343
15.266
119.837
13.872
13.978
13.790
17.951
15.610
17.326
12.734
13.788
14.363
15.869
13.796
15.184
13.185
15.477
10.955
16.581
13.764
11.227
12.266
11.024
10.786
10.866
11.974
12.244
14.625
11.922
13.827
12.147
10.566
11.900
13.752
10.697
10.565
10.558
11.256
13.893
53.292
10.308
50.969
16.170
12.216
13.656
13.091
10.891
11.122
16.368
11.649
13.254
13.677
11.942
10.754
11.671
14.134
10.663
14.202
17.257
10.886
10.988
29.330
11.001
13.770
10.581
14.009
13.715
13.519
13.871
13.639
13.659
11.139
16.915
10.684
10.502
11.215
11.353
10.795
11.265
13.890
18.102
10.387
11.180
13.955
13.801
13.857
13.325
13.734
12.398
13.522
14.136
13.555
14.413
16.549
20.810
14.374
14.273
13.636
22.492
18.111
12.135
126.651
33.301
13.786
20.440
13.372
14.732
14.717
14.001
13.070
15.637
23.517
13.363
16.760
12.583
13.948
10.702
10.982
14.529
13.909
11.579
11.890
13.734
13.909
16.024
10.529
4392.636
10.520
12.045
14.125
12.040
14.002
13.798
11.515
14.132
11.166
10.942
11.042
11.760
15.094
14.544
12.124
14.362
14.588
14.206
14.237
25.933
15.232
15.281
11.522
11.350
13.860
