8.693
8.623
7.159
7.896
7.183
7.408
9.942
8.998
85.275
11.897
9.566
8.145
9.500
10.829
9.066
7.241
6.992
10.990
8.013
87.363
39.073
36.187
6.801
7.028
6.850
9.223
7.128
9.769
6.850
8.594
11.478
7.060
6.398
6.633
7.197
7.094
6.560
9.771
7.479
6.811
10.241
12.694
9.183
9.746
8.351
10.075
10.138
10.341
6.827
6.630
7.595
6.862
12.945
167.828
46.146
16.902
7.596
31.675
6.583
13.730
6.812
17.669
7.453
7.074
7.305
14.253
6.535
7.004
9.107
7.115
6.600
11.324
6.842
6.482
7.199
18.847
6.597
7.902
12.244
6.872
10.576
11.411
6.918
7.182
6.787
7.493
13.039
7.128
7.333
7.824
8.555
8.944
6.482
9.541
6.844
7.035
6.575
10.514
8.634
7.676
6.943
6.683
6.692
7.691
6.849
6.860
31.914
6.451
7.444
7.745
6.482
6.689
9.294
8.289
6.676
6.725
6.770
7.978
13.333
8.301
7.789
8.243
163.950
94.193
6.508
7.283
7.238
20.249
6.948
6.769
6.962
7.231
7.277
10.347
6.916
6.592
100.600
97.220
11.534
108.403
97.874
9.743
113.150
114.808
140.312
140.813
123.191
126.108
102.707
7.425
9.041
211.443
239.735
9.887
12.256
84.176
20.746
109.399
11.792
7.000
10.181
13.515
6.900
8.310
9.083
6.902
7.140
8.358
7.532
97.782
96.125
150.315
56.684
6.751
7.175
7.707
7.235
7.170
119.581
7.063
7.118
7.191
6.661
7.210
6.923
7.096
6.485
7.235
161.197
130.051
6.877
135.549
93.212
190.914
155.061
205.962
63.356
7.471
8.611
70.555
58.656
6.651
6.362
31.382
13.114
8.740
7.023
7.388
7.534
6.868
7.168
6.493
6.932
9.057
6.688
7.764
6.513
10.789
7.217
7.250
7.526
9.363
108.456
21.367
10.060
60.775
10.008
11.172
11.005
216.355
7.345
7.214
6.572
7.150
9.183
6.719
105.125
176.335
6.953
15.532
7.707
109.371
7.438
109.322
8.932
131.289
128.872
217.013
177.380
48.459
126.019
158.597
132.400
116.498
169.213
99.007
153.991
114.239
113.895
122.822
121.868
9.438
7.509
7.131
6.624
6.615
8.117
8.921
7.119
12.784
8.957
6.924
6.748
14.326
7.159
6.907
7.238
10.551
12.294
7.541
6.969
6.843
8.551
9.762
115.679
9.690
119.797
10.285
9.403
7.373
8.254
10.868
6.701
8.335
7.640
6.674
15.081
7.157
8.616
13.295
6.733
15.735
7.528
12.235
9.095
26.699
7.184
9.393
6.865
15.153
7.389
13.961
12.015
14.835
8.205
8.648
7.507
20.835
7.157
11.748
8.912
10.985
6.895
13.454
7.906
7.659
8.027
7.637
8.591
7.867
7.578
13.243
8.668
7.634
10.197
10.314
8.202
15.710
7.823
7.099
7.940
9.417
20.716
7.062
10.250
7.499
7.684
7.732
15.412
7.589
7.742
15.898
8.015
6.349
6.620
6.582
7.035
16.650
10.440
6.637
8.641
6.814
32.085
6.577
7.048
6.740
6.645
6.768
10.055
10.530
8.207
6.503
12.673
6.471
6.948
7.414
9.241
7.145
7.469
6.953
8.648
7.150
11.546
7.020
7.013
7.707
11.482
7.626
7.080
6.979
8.592
9.393
9.903
7.109
6.515
8.957
6.845
7.794
7.414
6.986
7.216
10.190
10.688
7.648
7.087
6.727
8.919
13.074
6.645
6.978
7.302
6.960
7.746
8.372
6.989
11.381
14.029
8.598
6.781
6.981
10.389
6.712
9.666
10.059
13.246
14.038
9.421
22.643
18.458
18.175
9.598
10.268
11.170
11.540
9.426
22.479
11.445
9.384
14.567
115.074
10.108
13.570
15.645
10.941
13.692
112.612
12.516
9.989
18.994
8.349
13.308
11.388
6.627
6.783
6.774
11.994
13.371
8.224
12.198
9.967
7.346
7.067
7.074
7.360
7.312
6.754
8.866
6.889
13.435
9.966
8.603
8.055
8.199
13.185
8.055
12.991
6.845
8.050
8.003
9.367
10.817
12.058
7.619
84.904
8.289
10.926
6.845
7.979
6.788
11.077
8.692
6.802
8.364
8.323
7.240
9.437
7.336
7.542
6.852
10.569
9.994
9.340
8.944
9.935
6.886
6.887
7.724
194.364
11.277
7.042
17.717
6.833
6.946
7.132
6.852
6.686
6.911
7.667
7.025
12.555
7.777
8.081
13.085
6.842
8.973
12.836
7.636
9.807
7.287
