11.748
13.532
7.617
5.904
6.800
11.712
28.291
11.400
19.027
5.570
15.988
174.912
191.165
84.463
79.244
112.926
141.750
81.360
205.769
80.934
103.157
125.812
31.664
27.312
98.281
6.964
64.399
94.353
97.601
101.546
77.924
12.429
87.869
46.237
120.327
132.339
124.099
119.581
98.509
104.173
37.924
94.549
109.583
109.220
7.251
7.644
13.113
5.646
5.863
5.898
8.372
5.657
12.094
70.795
5.612
13.435
5.994
9.803
9.291
5.406
7.044
7.488
5.878
9.190
6.127
5.820
6.290
5.637
5.876
5.958
9.518
7.112
9.965
6.475
5.753
6.461
8.009
9.395
5.693
5.914
6.813
5.609
6.856
6.369
6.485
5.303
5.470
6.128
5.011
8.639
5.390
5.445
5.832
13.824
5.499
8.679
6.427
8.909
5.474
11.617
5.492
5.791
6.241
6.000
5.579
5.365
5.788
5.431
5.883
6.381
11.538
11.751
16.931
10.013
11.781
12.699
14.981
13.257
11.624
10.966
12.128
10.704
195.260
239.110
20.787
12.049
16.588
15.914
10.898
13.650
12.740
12.180
12.465
15.110
11.813
11.905
11.713
12.099
11.365
11.470
20.083
8.420
12.950
11.838
242.282
247.322
182.789
131.353
86.314
11.079
11.037
14.220
379.258
10.414
11.083
158.656
122.015
101.261
15.478
11.026
65.650
11.062
11.289
85.261
78.189
97.949
32.865
39.607
67.992
382.783
392.862
11.823
375.699
218.375
11.262
81.186
41.948
11.726
92.194
11.002
11.107
10.626
40.993
11.678
13.235
15.488
127.810
133.851
198.488
140.683
12.158
190.842
14.276
11.796
11.978
230.171
15.197
15.972
10.694
97.949
158.271
11.644
11.500
10.591
28.819
140.758
23.041
24.408
23.782
24.001
11.247
23.937
11.977
11.558
24.065
11.654
23.334
11.454
11.748
11.804
6.287
252.092
21.064
179.510
198.332
107.667
13.693
14.072
15.509
253.807
11.634
12.096
29.906
16.297
15.263
86.135
164.116
72.725
126.933
334.088
10.863
15.261
14.071
98.640
133.472
386.870
407.138
403.682
404.603
129.946
192.983
280.050
262.766
188.410
273.979
150.451
142.296
315.161
100.259
142.874
186.304
61.032
43.692
11.848
27.551
16.178
11.478
10.805
32.904
25.191
78.983
24.376
40.562
24.734
34.589
26.817
11.256
11.943
17.994
12.569
11.285
14.055
12.856
11.801
11.656
11.322
27.111
29.444
24.849
27.034
25.427
24.626
25.560
23.815
6.800
6.781
11.311
10.847
14.545
11.372
12.249
5.684
5.559
6.455
10.205
5.393
9.924
6.929
6.097
5.931
7.774
8.166
5.645
5.503
7.813
8.352
18.398
7.322
5.768
8.453
5.907
6.737
6.237
5.494
5.611
8.332
108.832
10.087
10.243
5.956
6.273
5.299
5.554
5.921
7.514
15.662
6.494
9.405
8.954
10.133
6.751
6.764
7.176
6.078
9.696
6.090
5.536
5.791
9.462
5.633
5.733
7.160
5.646
5.512
5.305
6.051
5.549
5.753
6.947
5.847
6.435
5.729
5.815
6.859
7.449
5.614
6.013
8.356
5.376
6.778
5.207
5.979
5.584
5.279
6.227
5.723
8.412
10.614
6.632
6.150
5.620
6.940
5.723
5.362
5.926
6.113
5.446
5.377
5.940
5.602
5.660
6.287
7.834
7.039
11.437
10.064
5.657
5.755
8.367
6.820
13.995
11.500
11.751
14.321
12.491
12.303
15.510
15.215
11.322
11.956
12.176
11.662
11.496
11.795
12.300
14.835
11.623
12.414
11.775
11.540
13.498
12.224
12.075
16.459
119.452
14.335
18.557
12.643
26.434
25.424
26.722
13.560
15.128
15.618
14.098
28.549
103.803
28.549
25.172
28.421
27.987
25.874
27.331
134.673
25.198
24.144
26.603
25.463
25.896
27.141
25.472
25.536
24.689
13.097
24.115
25.411
11.690
23.737
24.596
25.152
23.596
23.954
23.747
23.875
30.363
23.621
23.598
23.690
11.361
11.360
11.629
24.385
27.744
24.283
23.904
26.149
26.142
6.281
22.971
24.653
23.525
12.377
11.773
24.871
25.541
24.120
12.618
12.436
62.332
19.342
131.729
112.021
24.204
24.476
25.674
26.587
9.817
5.055
8.199
7.020
6.067
27.829
6.413
23.986
11.619
12.061
11.887
199.782
12.109
14.809
38.899
12.605
15.742
12.236
12.205
12.088
11.797
11.884
11.866
11.621
11.966
11.988
18.650
13.793
10.689
10.998
12.851
11.513
