147.825
165.060
153.497
149.871
152.136
148.243
155.303
146.319
149.567
152.356
148.801
150.564
151.331
151.399
146.224
154.698
149.056
153.640
150.816
145.628
146.158
149.261
149.823
150.768
148.568
149.318
153.549
146.015
155.887
39.998
158.913
146.374
169.167
156.972
146.164
151.005
149.785
147.322
149.141
145.910
152.029
150.222
149.881
149.528
151.616
151.695
149.124
147.513
148.364
150.117
145.839
150.370
152.243
149.127
159.892
149.821
152.555
158.528
147.526
146.575
161.874
149.763
114.704
151.591
150.284
149.338
146.278
151.526
151.227
156.894
289.380
149.590
149.278
152.619
149.056
151.447
150.234
148.172
146.251
146.144
147.542
149.688
145.880
145.894
147.361
150.014
145.824
149.503
154.864
151.725
157.201
147.278
147.821
149.486
148.635
154.358
145.974
146.148
146.830
147.139
147.395
151.325
147.323
151.394
151.421
147.110
147.392
149.249
151.905
152.138
146.483
151.620
151.767
148.682
148.474
168.758
157.397
149.408
146.228
172.361
147.359
147.387
147.562
148.496
149.495
150.654
149.214
147.278
152.498
145.859
146.100
145.923
149.451
147.143
146.222
149.223
174.131
145.863
148.175
153.220
147.015
149.031
147.292
150.929
149.875
151.006
148.971
150.216
155.457
145.403
153.508
149.047
149.491
154.968
153.531
151.186
151.313
150.394
152.978
157.079
164.469
150.745
154.931
151.542
151.685
150.707
154.827
149.735
150.875
150.870
151.895
154.185
155.836
152.339
148.244
149.805
148.511
150.243
150.120
148.685
147.593
145.805
158.888
147.549
148.356
146.340
151.937
147.560
149.392
150.076
149.709
145.892
146.503
150.219
148.264
182.992
174.657
150.696
151.543
148.136
151.276
147.948
144.224
148.592
147.184
145.936
151.331
148.218
146.325
146.418
147.925
148.013
151.047
149.051
149.197
